1-2
00010010 00010000 01001100 00000110 00010011 01001110 01010111 00001001 00010100 00001111 00010000 01001111 00000010 01010010 00011011 00001010 00000100 01000010 00000010 00001100 01001101 00000111 00001011 00011000 01001111 01001000 00010101 01010100 00011111 00001000 00000000 01001000 01001110 00011110 00000010 01000001 00000110 00011101 00000110 01001101 01010100 00001011 00001010 00000010 00000010 00010000 00011001 01000101 00010000 00010110 01001101 01001111 00111010 00000000 01010011 01000011 00000000 01001110 01000011 00001110 00011110 00011101 00001010 01010010 01000110 00010010 00010111 00011011 00000001 00010111 00000000 00011011 00001110 01000101 01000011 00011100 00001100 00011101 00010110 00001010 01010010 00001101 00010001 01110100 01001110 00011001 00000110 00011010 00010001 01001101 
1-3
00000011 00001101 01000101 01000011 00001111 00000111 01000011 00000011 01000001 00010111 00011100 00000110 00011100 01000111 01010100 00001001 00000111 01001111 00011011 00000001 01001101 00101001 00000000 00010111 01011001 01011101 01011010 01010001 01010111 00000000 00000111 01001000 01001110 00011110 00000010 01000001 00011001 00010001 01010101 00001110 01010010 00011010 00011111 00011001 00011111 00010010 00000110 00000100 00000010 00011011 01001011 01010010 00100100 01000101 01000011 00000010 00001111 01001110 01000100 00010011 00000101 00000101 00001010 00000000 00000111 01000001 00001111 00011011 00011011 01010010 01001111 00010010 01001000 00000011 01000001 00000000 00010110 00010100 01000010 00000110 00010011 01010010 01000010 00010101 00001101 01010111 00101101 00010101 00000110 00000000 
1-4
00000011 00001101 01000101 01000011 00000010 00000111 01010000 00001110 00000100 00010001 00000000 00001010 00001010 01010100 01010100 00011000 00010111 01001111 00001010 00000000 00001110 00000111 00000001 01010010 01000010 01001000 00010101 01000001 01010111 00011110 00010001 00001001 01001011 01010001 00010000 00001111 00001101 00000110 00001100 00011101 01010100 00001010 00000000 00000011 01010000 00010100 00011000 00000010 00011101 00000001 01000111 01010100 00111111 00001000 00000000 00001111 00001110 00000001 01001011 00010010 01001100 00010010 00011100 00000000 00000001 00001110 00001100 00010000 01001111 00010011 01010011 01010100 00001011 00001100 01010000 00000110 00010000 00011111 00010110 00000000 00001010 01010100 00010001 01000101 01010010 00011000 00001101 00000001 00001011 01000101  
1-5
00001110 00001010 01010101 01000011 00000101 00000001 01001110 01000001 00010101 01000011 00000011 00001110 00011100 01010100 01010100 00011100 00001010 00000000 00001100 00000000 00010100 01000010 00000100 01010010 01010011 01010100 01000001 00000000 00011000 00001111 01010100 00001011 01000001 00000011 01010101 00001010 00001011 00001101 00000110 01001101 01000110 00010001 00000000 00000000 01010000 00010100 01010100 00000010 00000111 00001010 00001110 01010111 00111111 00001010 00000000 00010000 00010001 00001011 01000011 00001000 00001101 00011111 00000110 01011010 00000011 00010010 01000011 00011101 00000001 01010010 01010011 00000000 00001101 00000100 01001100 00000111 00011011 00001010 01000010 00000110 00010011 01010010 01000010 00010101 00001101 01010111 00100100 00010101 00011010 01000011 
1-6
00000011 00001101 01000101 00010001 00000100 01001110 01000001 00010100 00000100 01000011 00000000 00011000 00011101 00000000 00000000 00010001 00010101 01000101 00011101 01010101 00000010 00000100 01000101 00010001 01010010 01001000 01000101 01010100 00011000 00001110 00000110 00001001 01010000 00011001 00001100 01000001 01000011 01010100 00000001 00000101 01000001 00010111 01001111 00011010 00011000 00011100 00010111 00001101 01010010 00000100 01000111 01001100 00111011 01000101 01001011 00000110 00000100 00011110 00000000 00010010 00001001 00010000 00011101 01000101 00010010 00010010 01000011 00000111 00001110 00010100 01000101 01010100 00001110 00010111 01001111 00000011 01010101 00010100 00001101 00010000 00000000 00000000 01011101 01011100 01010100 00000011 00000101 00010001 01001000 01010011 
1-7
00000011 00001101 01000101 00010001 00000100 01001110 01000001 00010100 00000100 01000011 00000000 00011000 00011101 00000000 00000000 00010001 00010101 01000101 00011101 01010101 00000010 00000100 01000101 00010001 01011001 01000001 01000001 01001111 00010000 00011011 00010101 00011000 01001000 00001000 01001111 01000001 00000001 00011010 00010000 01001101 01010100 00001011 00001110 00011001 01010000 00010100 00011000 00001001 00011101 00000100 01011101 00000000 00100011 00001101 01000101 01000011 00100110 00000001 01010110 00000100 00011110 00011101 00000010 01000101 00001000 00010101 01000011 00000000 00000000 01010010 01010101 00000111 00001101 01000101 01000010 00011100 00000000 00011001 00000111 01000101 00010100 01001111 01000011 01010110 01000101 01010111 00011101 00011011 01001000 01000010 
1-8
00000000 00000000 00000000 00000000 00000000 00000000 00000000 00010101 00000100 00000110 01010100 00011011 00011010 01000101 01010100 00011000 00001010 01001001 00000000 00000001 01001101 00010101 00001101 00010111 01010010 01010100 00010101 01010100 00011111 00001100 01010100 00001011 01001000 00011000 00000101 01000001 00000111 00000111 01010101 00011000 01001110 00001011 00001110 00011101 00000000 00001100 01010100 00001100 00010100 01010011 01001111 00000000 00100000 00010111 01001111 00001101 00000110 01001110 01000010 00001000 00011000 01010011 00000110 01010011 01000110 00010010 00000110 00011010 00011011 01010010 01000001 00011010 00001100 01000101 01000011 00000001 00011011 00011110 00010111 00001000 00010111 01010011 00010001 01011000 01001111 00000101 00001100 01010100 00011000 01001111 
1-9
00010110 01000101 00001000 00010011 00010011 00000111 01010110 00000111 00010101 00000110 01011001 00000100 00010111 01011001 01011101 01001000 01000101 01000101 00000000 00010110 00011111 00011011 00010101 00000110 01001001 01011110 01011011 00000000 00000100 00001010 00011100 00001101 01001101 00010100 01010101 00010010 00011010 00010101 00000001 00001000 01010011 01000011 01011100 01001101 00010001 00011001 00010011 00001010 00000000 00011010 01011010 01001000 00111010 00010110 00001100 01000011 00001111 00001111 01001101 00000100 00000000 00001010 01001111 01000001 01000110 00010001 00010001 00011011 00001100 00010111 01000100 00000001 00011010 00000000 00000000 00001000 00011010 00011111 01000010 00000010 00010111 01001110 01010100 01000111 01000001 00000011 00000000 00011010 00001111 00000000 
1-10
01110111 00110001 01001000 00000110 01000001 00101101 01001111 00001000 00000010 00001010 00000111 00001010 01010010 01101111 00001100 00001110 00001010 01010010 00001010 00110001 00000100 00000001 00010001 00011011 01001111 01011111 01010100 01010010 00001110 01001001 01011100 01011010 00010000 01000001 01000011 01001000 01001110 00010000 00010000 10000010 10001100 11100010 00000001 00001000 00000011 01010101 00010111 00010111 00001011 00000011 01011010 01001111 01110111 00000100 01010011 01000011 00010101 00000110 01000101 01000001 00001101 00000001 00011011 00000000 00001001 00000111 01000011 01010100 00011000 00000000 01001001 00000000 00000001 00001011 01000111 01001110 00011010 01001101 00010000 01000101 00000001 01001111 01011101 01000011 01001001 00011001 00001110 01010100 00001011 01001111 
