text 1
00110001 01011100 01001110 11101010 10101000 10110101 11111000 10101010 11111001 00010111 01000001 01000101 10111111 01000011 11100001 01111000 01001011 10001111 10100000 00001101 11000111 00011101 10001000 01011010 10000000 01001110 01011110 11101001 11111010 01000000 10110001 01100011 01001001 11000001 01000110 11111011 01110111 10001100 11011111 00101101 00111010 11111111 00000010 00011101 11111111 11110101 10110100 00000011 10110101 00010000 11010000 11010000 01000101 01010100 01101000 10101110 10111001 10000110 00100010 10110001 00110111 11011010 11101000 01010111 01010101 00111100 11001101 10001000 10000011 10100111 10111100 00110111 01010010 00001110 00000110 11100101 00010101 11010010 00101100 10010101 01001110 10111010 01010000 00100101 10111000 11001100 01010111 11101110 01011001 01000001 
text 2
00100011 01001100 00000010 11101100 10111011 11111011 10101111 10100011 11101101 00011000 01010001 00001010 10111101 00010001 11111010 01110010 01001111 11001101 10100010 00000001 10001010 00011010 10000011 01000010 11001111 00000110 01001011 10111101 11100101 01001000 10110001 00101011 00000111 11011111 01000100 10111010 01110001 10010001 11011001 01100000 01101110 11110100 00001000 00011111 11111101 11100101 10101101 01000110 10100101 00000110 10011101 10011111 01111111 01010100 00111011 11101101 10111001 11001000 01100001 10111111 00101001 11000111 11100010 00000101 00010011 00101110 11011010 10010011 10000010 10110000 10111100 00101100 01011100 01001011 01000101 11111001 00011001 11001111 00111010 10011111 00011100 10110111 01000001 01010001 11110110 11010101 01010001 11110100 01001000 00001100 
text 3
00110010 01010001 00001011 10101001 10100111 10110010 10111011 10101001 10111000 00000000 01011101 01000011 10100011 00000100 10110101 01110001 01001100 11000000 10111011 00001100 10001010 00110100 10001000 01001101 11011001 00010011 00000100 10111000 10101101 01000000 10110110 00101011 00000111 11011111 01000100 10111010 01101110 10011101 10001010 00100011 01101000 11100101 00011101 00000100 11100000 11100111 10110010 00000111 10110111 00001011 10011011 10000010 01100001 00010001 00101011 10101100 10110110 11001000 01100110 10100010 00110010 11011111 11100010 01010111 01010010 01111101 11000010 10010011 10011000 11110101 11110011 00100101 00011010 00001101 01000111 11100101 00000011 11000110 01101110 10010011 01011101 11101000 00010010 00110000 10110101 10011011 01111010 11111011 01011111 01000001 
text 4
00110010 01010001 00001011 10101001 10101010 10110010 10101000 10100100 11111101 00000110 01000001 01001111 10110101 00010111 10110101 01100000 01011100 11000000 10101010 00001101 11001001 00011010 10001001 00001000 11000010 00000110 01001011 10101000 10101101 01011110 10100000 01101010 00000010 10010000 01010110 11110100 01111010 10001010 11010011 00110000 01101110 11110101 00000010 00011110 10101111 11100001 10101100 00000001 10101000 00010001 10010111 10000100 01111010 01011100 01101000 10100001 10110111 10000111 01101001 10100011 01111011 11001000 11110100 01010111 01010100 00110010 11000001 10011000 11001100 10110100 11101111 01100011 01011001 00000010 01010110 11100011 00000101 11001101 00111010 10010101 01000100 11101110 01000001 01100000 11101010 11010100 01011010 11101111 01010010 00000100 
text 5
11110101 01100001 10111010 10011010 11011011 01001011 01101110 10111110 11000101 01000100 00100100 10111010 00110001 01111011 01010110 01000100 00011000 11111010 11000000 11011101 00110101 11111000 11000000 10001101 00110001 10100001 11111110 10011110 00100100 11111110 01010110 10000000 10001100 00100001 00111111 00010111 11001000 00011101 10010110 00000111 11001110 11100000 00100001 11011010 11111110 00011110 00000000 00011011 00100001 10101101 11101000 01110111 10100101 11100110 10001011 11101010 10001000 11010110 00011011 10010011 10101100 01011110 11100000 11010101 01100010 11101000 11101001 01011000 00101111 01011110 11110011 01110101 11110000 10100100 10101110 00100000 11101101 10000110 11101001 00110101 11011110 10000001 00100011 00001011 01011001 10110111 00111111 10110100 00110000 00101100 
text 6
00110010 01010001 00001011 11111011 10101100 11111011 10111001 10111110 11111101 01010100 01000001 01011101 10100010 01000011 11100001 01101001 01011110 11001010 10111101 01011000 11000101 00011001 11001101 01001011 11010010 00000110 00011011 10111101 11100010 01001110 10110111 01101010 00011001 11011000 01001010 10111010 00110100 11011000 11011110 00101000 01111011 11101000 01001101 00000111 11100111 11101001 10100011 00001110 11100111 00010100 10010111 10011100 01111110 00010001 00100011 10101000 10111101 10011000 00100010 10100011 00111110 11001010 11110101 00010010 01000111 00101110 10001110 10001111 10001101 10110011 11111001 01100011 01011100 00011001 01001001 11100110 01000000 11000110 00100001 10000101 01001110 10111010 00001101 01111001 11101100 11001111 01010010 11111111 00010001 00010010 
text 7
00100101 00010000 10111111 10111010 11001111 10111011 10011011 11101111 11010101 01000100 00010101 11011010 00100100 00111110 00010110 10010101 11101100 10101011 11010101 10001100 01010001 10011100 11010100 10111101 10010000 11110001 11111010 01101110 10100101 10111010 01000111 10110000 00011100 10010000 10011011 10100111 01101001 01101100 11110110 00000110 11101111 01000000 11000000 01001010 11111110 00011010 11000000 10101010 10000001 01001000 11011101 00000110 01100101 10010010 11011110 11011001 11111000 01110111 01001011 01010010 10011100 01111110 10100001 00100101 11010010 10011000 11101000 10001000 00111111 01011110 10010011 00000101 11110100 10110100 01001111 10010001 01011100 10110010 10111101 00000101 10101111 01010001 00110111 00111111 11011001 10110100 10101111 01010001 00010000 00111001 
text 8
00110001 01011100 01001110 11101010 10101000 10110101 11111000 10111111 11111101 00010001 00010101 01011110 10100101 00000110 10110101 01100000 01000001 11000110 10100000 00001100 10001010 00001000 10000101 01001101 11010010 00011010 01001011 10111101 11100101 01001100 11100101 01101000 00000001 11011001 01000011 10111010 01110000 10001011 10001010 00110101 01110100 11110100 00001100 00000000 11111111 11111001 11100000 00001111 10100001 01000011 10011111 11010000 01100101 01000011 00100111 10100011 10111111 11001000 01100000 10111001 00101111 10001001 11101110 00000100 00010011 00101110 11001011 10010010 10011000 11110101 11111101 00101101 01011110 01001011 01000101 11100100 00001110 11001100 00111011 10011101 01011001 11101001 01000001 01111101 11110111 11001001 01011011 10111010 01000001 00001110 
text 9
00100111 00011001 01000110 11111001 10111011 10110010 10101110 10101101 11101100 00010001 00011000 01000001 10101000 00011010 10111100 00110000 00001110 11001010 10100000 00011011 11011000 00000110 10011101 01011100 11001001 00010000 00000101 11101001 11111110 01001010 10101101 01101110 00000100 11010101 00010011 11101001 01101101 10011001 11011110 00100101 01101001 10111100 01011110 01010000 11101110 11101100 10100111 00001001 10110101 00001010 10001010 10011000 01111111 01000010 01100100 11101101 10110110 10001001 01101111 10110101 00110111 11010000 10100111 00010110 00010011 00101101 11011100 10010011 10001111 10110000 11111000 00110110 01001000 00001110 00000110 11101101 00001111 11001101 01101110 10010111 01011001 11110100 00000100 01100010 11111001 11001111 01010111 11110100 01010110 01000001 
text 10
01000110 01101101 00000110 11101100 11101001 10011000 10110111 10100010 11111011 00011101 01000110 01001111 11101101 00101100 11101101 01110110 01000001 11011101 10101010 00111100 11000011 00011100 10011001 01000001 11001111 00010001 00001010 10111011 11110100 00001001 11101101 00111001 01011001 10000000 00000101 10110011 00111001 10011100 11001111 10101111 10110110 00011101 00000011 00010101 11111100 10100000 10100011 00010100 10111110 00010011 10001010 10011111 00110010 01010000 00111011 11101101 10101100 10000000 01100111 11110000 00111010 11011011 11110011 01010111 01011100 00111011 10001110 11011100 10011011 10100111 11110101 00110111 01010011 00000101 01000001 10101011 00001111 10011111 00111100 11010000 01001111 11110101 00001101 01100110 11110001 11010101 01011001 10111010 01010010 00001110

